1 || POINT(193025.4376294383 458490.7067557106) || RM || 20181116135638 || 11380 || 0.0 || 28834 || 1133.0
2 || POINT(193037.52962944322 458485.27595573507) || RM || 20180723092202 || 11380 || 0.0 || 9649 || 1134.0
3 || POINT(193202.96942959307 458473.66775599704) || RM || 20180723142102 || 11380 || 0.0 || 28815 || 1135.0
4 || POINT(192778.92732775226 457580.8443560826) || RM || 20181224124140 || 11380 || 0.0 || 28917 || 1136.0
5 || POINT(192430.93232933432 458813.9924545393) || RM || 20181001133053 || 11380 || 0.0 || 29009 || 1138.0
6 || POINT(192397.534129342 458841.47465446824) || RM || 20181001140630 || 11380 || 0.0 || 29004 || 1139.0
7 || POINT(193513.84102950184 458213.9439566855) || RM || 20181030130406 || 11380 || 0.0 || 29273 || 1140.0
8 || POINT(193462.50622878617 457793.7005569541) || RM || 20180813113306 || 11380 || 0.0 || 29457 || 1142.0
9 || POINT(193344.95792888594 457935.16855665704) || RM || 20181031142241 || 11380 || 0.0 || 29499 || 1144.0
10 || POINT(192507.13952796068 457893.21835541504) || RM || 20180913105126 || 11380 || 0.0 || 29602 || 1147.0
